49 ,  0.0 , 0.0 , 0.0 , 0.0 , 0.0 , 0.0 , 0.0 , 0.0 , 0.0
50 ,  0.0 , 0.0 , 0.0 , 0.0 , 0.0 , 0.0 , 0.0 , 0.0 , 0.0
51 ,  0.0 , 0.0 , 0.0 , 0.0 , 0.0 , 0.0 , 0.0 , 0.0 , 0.0
52 ,  0.0 , 0.0 , 0.0 , 0.0 , 0.0 , 0.0 , 0.0 , 0.0 , 0.0
53 ,  0.0 , 0.0 , 0.0 , 0.0 , 0.0 , 0.0 , 0.0 , 0.0 , 0.0
54 ,  0.0 , 0.0 , 0.0 , 0.0 , 0.0 , 0.0 , 0.0 , 0.0 , 0.0
55 ,  0.0 , 0.0 , 0.0 , 0.0 , 0.0 , 0.0 , 0.0 , 0.0 , 0.0
56 ,  0.0 , 0.0 , 0.0 , 0.0 , 0.0 , 0.0 , 0.0 , 0.0 , 0.0
57 ,  0.0 , 0.0 , 0.0 , 0.0 , 0.0 , 0.0 , 0.0 , 0.0 , 0.0
58 ,  0.0 , 0.0 , 0.0 , 0.0 , 0.0 , 0.0 , 0.0 , 0.0 , 0.0
59 ,  0.0 , 0.0 , 0.0 , 0.0 , 0.0 , 0.0 , 0.0 , 0.0 , 0.0
60 ,  0.0 , 0.0 , 0.0 , 0.0 , 0.0 , 0.0 , 0.0 , 0.0 , 0.0
61 ,  0.0 , 0.0 , 0.0 , 0.0 , 0.0 , 0.0 , 0.0 , 0.0 , 0.0
62 ,  0.0 , 0.0 , 0.0 , 0.0 , 0.0 , 0.0 , 0.0 , 0.0 , 0.0
63 ,  0.0 , 0.0 , 0.0 , 0.0 , 0.0 , 0.0 , 0.0 , 0.0 , 0.0
64 ,  0.0 , 0.0 , 0.0 , 0.0 , 0.0 , 0.0 , 0.0 , 0.0 , 0.0
66 ,  0.0 , 0.0 , 0.0 , 0.0 , 0.0 , 0.0 , 0.0 , 0.0 , 0.0
67 ,  0.0 , 0.0 , 0.0 , 0.0 , 0.0 , 0.0 , 0.0 , 0.0 , 0.0
68 ,  0.0 , 0.0 , 0.0 , 0.0 , 0.0 , 0.0 , 0.0 , 0.0 , 0.0
69 ,  0.0 , 0.0 , 0.0 , 0.0 , 0.0 , 0.0 , 0.0 , 0.0 , 0.0
70 ,  0.0 , 0.0 , 0.0 , 0.0 , 0.0 , 0.0 , 0.0 , 0.0 , 0.0
71 ,  0.0 , 0.0 , 0.0 , 0.0 , 0.0 , 0.0 , 0.0 , 0.0 , 0.0
72 ,  0.0 , 0.0 , 0.0 , 0.0 , 0.0 , 0.0 , 0.0 , 0.0 , 0.0
73 ,  0.0 , 0.0 , 0.0 , 0.0 , 0.0 , 0.0 , 0.0 , 0.0 , 0.0
74 ,  0.0 , 0.0 , 0.0 , 0.0 , 0.0 , 0.0 , 0.0 , 0.0 , 0.0
75 ,  0.0 , 0.0 , 0.0 , 0.0 , 0.0 , 0.0 , 0.0 , 0.0 , 0.0
76 ,  0.0 , 0.0 , 0.0 , 0.0 , 0.0 , 0.0 , 0.0 , 0.0 , 0.0
77 ,  71.429 , 100.0 , 100.0 , 28.571 , 100.0 , 100.0 , 0.0 , 0.0 , 0.0
79 ,  71.429 , 100.0 , 100.0 , 28.571 , 100.0 , 100.0 , 0.0 , 0.0 , 0.0
81 ,  71.429 , 100.0 , 100.0 , 28.571 , 100.0 , 100.0 , 0.0 , 0.0 , 0.0
82 ,  0.0 , 0.0 , 0.0 , 0.0 , 0.0 , 0.0 , 0.0 , 0.0 , 0.0
83 ,  0.0 , 0.0 , 0.0 , 0.0 , 0.0 , 0.0 , 0.0 , 0.0 , 0.0
84 ,  0.0 , 0.0 , 0.0 , 0.0 , 0.0 , 0.0 , 0.0 , 0.0 , 0.0
85 ,  0.0 , 0.0 , 0.0 , 0.0 , 0.0 , 0.0 , 0.0 , 0.0 , 0.0
90 ,  0.0 , 0.0 , 0.0 , 0.0 , 0.0 , 0.0 , 0.0 , 0.0 , 0.0
91 ,  0.0 , 0.0 , 0.0 , 0.0 , 0.0 , 0.0 , 0.0 , 0.0 , 0.0
92 ,  0.0 , 0.0 , 0.0 , 0.0 , 0.0 , 0.0 , 0.0 , 0.0 , 0.0
95 ,  0.0 , 0.0 , 0.0 , 0.0 , 0.0 , 0.0 , 0.0 , 0.0 , 0.0
97 ,  0.0 , 0.0 , 0.0 , 0.0 , 0.0 , 0.0 , 0.0 , 0.0 , 0.0
98 ,  66.667 , 100.0 , 100.0 , 33.333 , 100.0 , 100.0 , 0.0 , 0.0 , 0.0
99 ,  0.0 , 0.0 , 0.0 , 0.0 , 0.0 , 0.0 , 0.0 , 0.0 , 0.0
100 ,  0.0 , 100.0 , 0.0 , 0.0 , 100.0 , 0.0 , 0.0 , 0.0 , 0.0
101 ,  0.0 , 100.0 , 0.0 , 0.0 , 100.0 , 0.0 , 0.0 , 0.0 , 0.0
102 ,  0.0 , 0.0 , 0.0 , 0.0 , 0.0 , 0.0 , 0.0 , 0.0 , 0.0
103 ,  0.0 , 0.0 , 0.0 , 0.0 , 0.0 , 0.0 , 0.0 , 0.0 , 0.0
104 ,  0.0 , 100.0 , 0.0 , 0.0 , 100.0 , 0.0 , 0.0 , 0.0 , 0.0
105 ,  0.0 , 0.0 , 0.0 , 0.0 , 0.0 , 0.0 , 0.0 , 0.0 , 0.0
106 ,  0.0 , 0.0 , 0.0 , 0.0 , 0.0 , 0.0 , 0.0 , 0.0 , 0.0
107 ,  0.0 , 0.0 , 0.0 , 0.0 , 0.0 , 0.0 , 0.0 , 0.0 , 0.0
108 ,  50.0 , 50.0 , 50.0 , 0.0 , 0.0 , 0.0 , 0.0 , 0.0 , 0.0
109 ,  0.0 , 0.0 , 0.0 , 0.0 , 0.0 , 0.0 , 0.0 , 0.0 , 0.0
110 ,  0.0 , 0.0 , 0.0 , 0.0 , 0.0 , 0.0 , 0.0 , 0.0 , 0.0
111 ,  61.538 , 76.923 , 35.294 , 0.0 , 40.0 , 8.333 , 0.0 , 0.0 , 0.0
112 ,  0.0 , 0.0 , 0.0 , 0.0 , 0.0 , 0.0 , 0.0 , 0.0 , 0.0
113 ,  55.556 , 66.667 , 66.667 , 0.0 , 25.0 , 25.0 , 0.0 , 0.0 , 0.0
114 ,  0.0 , 0.0 , 0.0 , 100.0 , 100.0 , 100.0 , 0.0 , 0.0 , 0.0
115 ,  0.0 , 0.0 , 0.0 , 0.0 , 0.0 , 0.0 , 0.0 , 0.0 , 0.0
116 ,  100.0 , 100.0 , 100.0 , 0.0 , 0.0 , 0.0 , 0.0 , 0.0 , 0.0
117 ,  0.0 , 0.0 , 0.0 , 0.0 , 0.0 , 0.0 , 0.0 , 0.0 , 0.0
118 ,  0.0 , 0.0 , 0.0 , 0.0 , 0.0 , 0.0 , 0.0 , 0.0 , 0.0
119 ,  100.0 , 100.0 , 100.0 , 0.0 , 0.0 , 0.0 , 0.0 , 0.0 , 0.0
120 ,  0.0 , 0.0 , 0.0 , 0.0 , 0.0 , 0.0 , 0.0 , 0.0 , 0.0
121 ,  0.0 , 0.0 , 0.0 , 0.0 , 0.0 , 0.0 , 0.0 , 0.0 , 0.0
122 ,  100.0 , 100.0 , 100.0 , 0.0 , 0.0 , 0.0 , 0.0 , 0.0 , 0.0
123 ,  0.0 , 0.0 , 0.0 , 0.0 , 0.0 , 0.0 , 0.0 , 0.0 , 0.0
124 ,  100.0 , 100.0 , 100.0 , 0.0 , 0.0 , 0.0 , 0.0 , 0.0 , 0.0
125 ,  0.0 , 0.0 , 0.0 , 0.0 , 0.0 , 0.0 , 0.0 , 0.0 , 0.0
126 ,  100.0 , 100.0 , 100.0 , 0.0 , 0.0 , 0.0 , 0.0 , 0.0 , 0.0
127 ,  100.0 , 100.0 , 100.0 , 0.0 , 0.0 , 0.0 , 0.0 , 0.0 , 0.0
128 ,  80.0 , 100.0 , 80.0 , 0.0 , 100.0 , 0.0 , 0.0 , 0.0 , 0.0
129 ,  50.0 , 33.333 , 33.333 , 0.0 , 0.0 , 0.0 , 33.333 , 50.0 , 33.333
130 ,  80.0 , 80.0 , 66.667 , 0.0 , 0.0 , 0.0 , 0.0 , 0.0 , 0.0
131 ,  100.0 , 100.0 , 66.667 , 0.0 , 0.0 , 0.0 , 0.0 , 0.0 , 0.0
132 ,  50.0 , 50.0 , 33.333 , 0.0 , 0.0 , 0.0 , 0.0 , 0.0 , 0.0
133 ,  0.0 , 0.0 , 0.0 , 0.0 , 0.0 , 0.0 , 0.0 , 0.0 , 0.0
134 ,  40.0 , 40.0 , 40.0 , 0.0 , 0.0 , 0.0 , 0.0 , 0.0 , 0.0
135 ,  25.0 , 100.0 , 66.667 , 50.0 , 100.0 , 66.667 , 0.0 , 0.0 , 0.0
136 ,  0.0 , 0.0 , 0.0 , 0.0 , 0.0 , 0.0 , 0.0 , 0.0 , 0.0
137 ,  0.0 , 0.0 , 0.0 , 0.0 , 0.0 , 0.0 , 0.0 , 0.0 , 0.0
138 ,  100.0 , 100.0 , 50.0 , 0.0 , 0.0 , 0.0 , 0.0 , 0.0 , 0.0
139 ,  100.0 , 100.0 , 0.0 , 0.0 , 0.0 , 0.0 , 0.0 , 0.0 , 0.0
140 ,  0.0 , 0.0 , 0.0 , 0.0 , 0.0 , 0.0 , 0.0 , 0.0 , 0.0
141 ,  60.0 , 60.0 , 80.0 , 0.0 , 0.0 , 50.0 , 0.0 , 0.0 , 50.0
48 ,  100.0 , 0.0 , 0.0 , 0.0 , 0.0 , 0.0 , 0.0 , 100.0 , 0.0
49 ,  0.0 , 0.0 , 0.0 , 0.0 , 0.0 , 0.0 , 0.0 , 0.0 , 0.0
50 ,  0.0 , 0.0 , 0.0 , 0.0 , 0.0 , 0.0 , 0.0 , 0.0 , 0.0
51 ,  0.0 , 0.0 , 0.0 , 0.0 , 0.0 , 0.0 , 0.0 , 0.0 , 0.0
52 ,  0.0 , 0.0 , 0.0 , 0.0 , 0.0 , 0.0 , 0.0 , 0.0 , 0.0
53 ,  0.0 , 0.0 , 0.0 , 0.0 , 0.0 , 0.0 , 0.0 , 0.0 , 0.0
54 ,  0.0 , 0.0 , 0.0 , 0.0 , 0.0 , 0.0 , 0.0 , 0.0 , 0.0
55 ,  0.0 , 0.0 , 0.0 , 0.0 , 0.0 , 0.0 , 0.0 , 0.0 , 0.0
56 ,  0.0 , 0.0 , 0.0 , 0.0 , 0.0 , 0.0 , 0.0 , 0.0 , 0.0
57 ,  0.0 , 0.0 , 0.0 , 0.0 , 0.0 , 0.0 , 0.0 , 0.0 , 0.0
58 ,  0.0 , 0.0 , 0.0 , 0.0 , 0.0 , 0.0 , 0.0 , 0.0 , 0.0
59 ,  0.0 , 0.0 , 0.0 , 0.0 , 0.0 , 0.0 , 0.0 , 0.0 , 0.0
60 ,  0.0 , 0.0 , 0.0 , 0.0 , 0.0 , 0.0 , 0.0 , 0.0 , 0.0
61 ,  0.0 , 0.0 , 0.0 , 0.0 , 0.0 , 0.0 , 0.0 , 0.0 , 0.0
62 ,  0.0 , 0.0 , 0.0 , 0.0 , 0.0 , 0.0 , 0.0 , 0.0 , 0.0
63 ,  0.0 , 0.0 , 0.0 , 0.0 , 0.0 , 0.0 , 0.0 , 0.0 , 0.0
64 ,  0.0 , 0.0 , 0.0 , 0.0 , 0.0 , 0.0 , 0.0 , 0.0 , 0.0
65 ,  0.0 , 0.0 , 0.0 , 0.0 , 0.0 , 0.0 , 0.0 , 0.0 , 0.0
66 ,  0.0 , 0.0 , 0.0 , 0.0 , 0.0 , 0.0 , 0.0 , 0.0 , 0.0
67 ,  0.0 , 0.0 , 0.0 , 0.0 , 0.0 , 0.0 , 0.0 , 0.0 , 0.0
68 ,  0.0 , 0.0 , 0.0 , 0.0 , 0.0 , 0.0 , 0.0 , 0.0 , 0.0
69 ,  0.0 , 0.0 , 0.0 , 0.0 , 0.0 , 0.0 , 0.0 , 0.0 , 0.0
70 ,  0.0 , 0.0 , 0.0 , 0.0 , 0.0 , 0.0 , 0.0 , 0.0 , 0.0
71 ,  0.0 , 0.0 , 0.0 , 0.0 , 0.0 , 0.0 , 0.0 , 0.0 , 0.0
72 ,  0.0 , 0.0 , 0.0 , 0.0 , 0.0 , 0.0 , 0.0 , 0.0 , 0.0
73 ,  0.0 , 0.0 , 0.0 , 0.0 , 0.0 , 0.0 , 0.0 , 0.0 , 0.0
74 ,  0.0 , 0.0 , 0.0 , 0.0 , 0.0 , 0.0 , 0.0 , 0.0 , 0.0
75 ,  0.0 , 0.0 , 0.0 , 0.0 , 0.0 , 0.0 , 0.0 , 0.0 , 0.0
76 ,  0.0 , 0.0 , 0.0 , 0.0 , 0.0 , 0.0 , 0.0 , 0.0 , 0.0
77 ,  71.429 , 100.0 , 100.0 , 28.571 , 100.0 , 100.0 , 0.0 , 0.0 , 0.0
78 ,  0.0 , 0.0 , 0.0 , 0.0 , 0.0 , 0.0 , 0.0 , 0.0 , 0.0
79 ,  71.429 , 100.0 , 100.0 , 28.571 , 100.0 , 100.0 , 0.0 , 0.0 , 0.0
80 ,  0.0 , 0.0 , 0.0 , 0.0 , 0.0 , 0.0 , 0.0 , 0.0 , 0.0
81 ,  71.429 , 100.0 , 100.0 , 28.571 , 100.0 , 100.0 , 0.0 , 0.0 , 0.0
82 ,  0.0 , 0.0 , 0.0 , 0.0 , 0.0 , 0.0 , 0.0 , 0.0 , 0.0
83 ,  0.0 , 0.0 , 0.0 , 0.0 , 0.0 , 0.0 , 0.0 , 0.0 , 0.0
84 ,  0.0 , 0.0 , 0.0 , 0.0 , 0.0 , 0.0 , 0.0 , 0.0 , 0.0
85 ,  0.0 , 0.0 , 0.0 , 0.0 , 0.0 , 0.0 , 0.0 , 0.0 , 0.0
86 ,  0.0 , 0.0 , 0.0 , 0.0 , 0.0 , 0.0 , 0.0 , 0.0 , 0.0
87 ,  0.0 , 0.0 , 0.0 , 0.0 , 0.0 , 0.0 , 0.0 , 0.0 , 0.0
88 ,  0.0 , 0.0 , 0.0 , 0.0 , 0.0 , 0.0 , 0.0 , 0.0 , 0.0
89 ,  0.0 , 0.0 , 0.0 , 0.0 , 0.0 , 0.0 , 0.0 , 0.0 , 0.0
90 ,  0.0 , 0.0 , 0.0 , 0.0 , 0.0 , 0.0 , 0.0 , 0.0 , 0.0
91 ,  0.0 , 0.0 , 0.0 , 0.0 , 0.0 , 0.0 , 0.0 , 0.0 , 0.0
92 ,  0.0 , 0.0 , 0.0 , 0.0 , 0.0 , 0.0 , 0.0 , 0.0 , 0.0
93 ,  0.0 , 0.0 , 0.0 , 0.0 , 0.0 , 0.0 , 0.0 , 0.0 , 0.0
94 ,  0.0 , 0.0 , 0.0 , 0.0 , 0.0 , 0.0 , 0.0 , 0.0 , 0.0
95 ,  0.0 , 0.0 , 0.0 , 0.0 , 0.0 , 0.0 , 0.0 , 0.0 , 0.0
96 ,  0.0 , 0.0 , 0.0 , 0.0 , 0.0 , 0.0 , 0.0 , 0.0 , 0.0
97 ,  0.0 , 0.0 , 0.0 , 0.0 , 0.0 , 0.0 , 0.0 , 0.0 , 0.0
98 ,  66.667 , 100.0 , 100.0 , 33.333 , 100.0 , 100.0 , 0.0 , 0.0 , 0.0
99 ,  0.0 , 0.0 , 0.0 , 0.0 , 0.0 , 0.0 , 0.0 , 0.0 , 0.0
100 ,  0.0 , 100.0 , 0.0 , 0.0 , 100.0 , 0.0 , 0.0 , 0.0 , 0.0
101 ,  0.0 , 100.0 , 0.0 , 0.0 , 100.0 , 0.0 , 0.0 , 0.0 , 0.0
102 ,  0.0 , 0.0 , 0.0 , 0.0 , 0.0 , 0.0 , 0.0 , 0.0 , 0.0
103 ,  0.0 , 0.0 , 0.0 , 0.0 , 0.0 , 0.0 , 0.0 , 0.0 , 0.0
104 ,  0.0 , 100.0 , 0.0 , 0.0 , 100.0 , 0.0 , 0.0 , 0.0 , 0.0
105 ,  0.0 , 0.0 , 0.0 , 0.0 , 0.0 , 0.0 , 0.0 , 0.0 , 0.0
106 ,  0.0 , 0.0 , 0.0 , 0.0 , 0.0 , 0.0 , 0.0 , 0.0 , 0.0
107 ,  0.0 , 0.0 , 0.0 , 0.0 , 0.0 , 0.0 , 0.0 , 0.0 , 0.0
108 ,  50.0 , 50.0 , 50.0 , 0.0 , 0.0 , 0.0 , 0.0 , 0.0 , 0.0
109 ,  0.0 , 0.0 , 0.0 , 0.0 , 0.0 , 0.0 , 0.0 , 0.0 , 0.0
110 ,  0.0 , 0.0 , 0.0 , 0.0 , 0.0 , 0.0 , 0.0 , 0.0 , 0.0
111 ,  61.538 , 76.923 , 35.294 , 0.0 , 40.0 , 8.333 , 0.0 , 0.0 , 0.0
112 ,  0.0 , 0.0 , 0.0 , 0.0 , 0.0 , 0.0 , 0.0 , 0.0 , 0.0
113 ,  55.556 , 66.667 , 66.667 , 0.0 , 25.0 , 25.0 , 0.0 , 0.0 , 0.0
114 ,  0.0 , 0.0 , 0.0 , 100.0 , 100.0 , 100.0 , 0.0 , 0.0 , 0.0
115 ,  0.0 , 0.0 , 0.0 , 0.0 , 0.0 , 0.0 , 0.0 , 0.0 , 0.0
116 ,  100.0 , 100.0 , 100.0 , 0.0 , 0.0 , 0.0 , 0.0 , 0.0 , 0.0
117 ,  0.0 , 0.0 , 0.0 , 0.0 , 0.0 , 0.0 , 0.0 , 0.0 , 0.0
118 ,  0.0 , 0.0 , 0.0 , 0.0 , 0.0 , 0.0 , 0.0 , 0.0 , 0.0
119 ,  100.0 , 100.0 , 100.0 , 0.0 , 0.0 , 0.0 , 0.0 , 0.0 , 0.0
120 ,  0.0 , 0.0 , 0.0 , 0.0 , 0.0 , 0.0 , 0.0 , 0.0 , 0.0
121 ,  0.0 , 0.0 , 0.0 , 0.0 , 0.0 , 0.0 , 0.0 , 0.0 , 0.0
122 ,  100.0 , 100.0 , 100.0 , 0.0 , 0.0 , 0.0 , 0.0 , 0.0 , 0.0
123 ,  0.0 , 0.0 , 0.0 , 0.0 , 0.0 , 0.0 , 0.0 , 0.0 , 0.0
124 ,  100.0 , 100.0 , 100.0 , 0.0 , 0.0 , 0.0 , 0.0 , 0.0 , 0.0
125 ,  0.0 , 0.0 , 0.0 , 0.0 , 0.0 , 0.0 , 0.0 , 0.0 , 0.0
126 ,  100.0 , 100.0 , 100.0 , 0.0 , 0.0 , 0.0 , 0.0 , 0.0 , 0.0
127 ,  100.0 , 100.0 , 100.0 , 0.0 , 0.0 , 0.0 , 0.0 , 0.0 , 0.0
128 ,  80.0 , 100.0 , 80.0 , 0.0 , 100.0 , 0.0 , 0.0 , 0.0 , 0.0
129 ,  50.0 , 33.333 , 33.333 , 0.0 , 0.0 , 0.0 , 33.333 , 50.0 , 33.333
130 ,  80.0 , 80.0 , 66.667 , 0.0 , 0.0 , 0.0 , 0.0 , 0.0 , 0.0
131 ,  100.0 , 100.0 , 66.667 , 0.0 , 0.0 , 0.0 , 0.0 , 0.0 , 0.0
132 ,  50.0 , 50.0 , 33.333 , 0.0 , 0.0 , 0.0 , 0.0 , 0.0 , 0.0
133 ,  0.0 , 0.0 , 0.0 , 0.0 , 0.0 , 0.0 , 0.0 , 0.0 , 0.0
134 ,  40.0 , 40.0 , 40.0 , 0.0 , 0.0 , 0.0 , 0.0 , 0.0 , 0.0
135 ,  25.0 , 100.0 , 66.667 , 50.0 , 100.0 , 66.667 , 0.0 , 0.0 , 0.0
136 ,  0.0 , 0.0 , 0.0 , 0.0 , 0.0 , 0.0 , 0.0 , 0.0 , 0.0
137 ,  0.0 , 0.0 , 0.0 , 0.0 , 0.0 , 0.0 , 0.0 , 0.0 , 0.0
138 ,  100.0 , 100.0 , 50.0 , 0.0 , 0.0 , 0.0 , 0.0 , 0.0 , 0.0
139 ,  100.0 , 100.0 , 0.0 , 0.0 , 0.0 , 0.0 , 0.0 , 0.0 , 0.0
140 ,  0.0 , 0.0 , 0.0 , 0.0 , 0.0 , 0.0 , 0.0 , 0.0 , 0.0
141 ,  60.0 , 60.0 , 80.0 , 0.0 , 0.0 , 50.0 , 0.0 , 0.0 , 50.0
142 ,  0.0 , 0.0 , 0.0 , 0.0 , 0.0 , 0.0 , 0.0 , 0.0 , 0.0
143 ,  0.0 , 0.0 , 0.0 , 0.0 , 0.0 , 0.0 , 0.0 , 0.0 , 0.0
144 ,  0.0 , 0.0 , 0.0 , 0.0 , 0.0 , 0.0 , 0.0 , 0.0 , 0.0
145 ,  0.0 , 0.0 , 0.0 , 0.0 , 0.0 , 0.0 , 0.0 , 0.0 , 0.0
146 ,  0.0 , 0.0 , 0.0 , 0.0 , 0.0 , 0.0 , 0.0 , 0.0 , 0.0
147 ,  0.0 , 0.0 , 0.0 , 0.0 , 0.0 , 0.0 , 0.0 , 0.0 , 0.0
148 ,  0.0 , 0.0 , 0.0 , 0.0 , 0.0 , 0.0 , 0.0 , 0.0 , 0.0
149 ,  0.0 , 0.0 , 0.0 , 0.0 , 0.0 , 0.0 , 0.0 , 0.0 , 0.0
150 ,  0.0 , 0.0 , 0.0 , 0.0 , 0.0 , 0.0 , 0.0 , 0.0 , 0.0
48 ,  100.0 , 0.0 , 0.0 , 0.0 , 0.0 , 0.0 , 0.0 , 100.0 , 0.0
49 ,  0.0 , 0.0 , 0.0 , 0.0 , 0.0 , 0.0 , 0.0 , 0.0 , 0.0
50 ,  0.0 , 0.0 , 0.0 , 0.0 , 0.0 , 0.0 , 0.0 , 0.0 , 0.0
51 ,  0.0 , 0.0 , 0.0 , 0.0 , 0.0 , 0.0 , 0.0 , 0.0 , 0.0
52 ,  0.0 , 0.0 , 0.0 , 0.0 , 0.0 , 0.0 , 0.0 , 0.0 , 0.0
53 ,  0.0 , 0.0 , 0.0 , 0.0 , 0.0 , 0.0 , 0.0 , 0.0 , 0.0
54 ,  0.0 , 0.0 , 0.0 , 0.0 , 0.0 , 0.0 , 0.0 , 0.0 , 0.0
55 ,  0.0 , 0.0 , 0.0 , 0.0 , 0.0 , 0.0 , 0.0 , 0.0 , 0.0
56 ,  0.0 , 0.0 , 0.0 , 0.0 , 0.0 , 0.0 , 0.0 , 0.0 , 0.0
57 ,  0.0 , 0.0 , 0.0 , 0.0 , 0.0 , 0.0 , 0.0 , 0.0 , 0.0
58 ,  0.0 , 0.0 , 0.0 , 0.0 , 0.0 , 0.0 , 0.0 , 0.0 , 0.0
59 ,  0.0 , 0.0 , 0.0 , 0.0 , 0.0 , 0.0 , 0.0 , 0.0 , 0.0
60 ,  0.0 , 0.0 , 0.0 , 0.0 , 0.0 , 0.0 , 0.0 , 0.0 , 0.0
61 ,  0.0 , 0.0 , 0.0 , 0.0 , 0.0 , 0.0 , 0.0 , 0.0 , 0.0
62 ,  0.0 , 0.0 , 0.0 , 0.0 , 0.0 , 0.0 , 0.0 , 0.0 , 0.0
63 ,  0.0 , 0.0 , 0.0 , 0.0 , 0.0 , 0.0 , 0.0 , 0.0 , 0.0
64 ,  0.0 , 0.0 , 0.0 , 0.0 , 0.0 , 0.0 , 0.0 , 0.0 , 0.0
65 ,  0.0 , 0.0 , 0.0 , 0.0 , 0.0 , 0.0 , 0.0 , 0.0 , 0.0
66 ,  0.0 , 0.0 , 0.0 , 0.0 , 0.0 , 0.0 , 0.0 , 0.0 , 0.0
67 ,  0.0 , 0.0 , 0.0 , 0.0 , 0.0 , 0.0 , 0.0 , 0.0 , 0.0
68 ,  0.0 , 0.0 , 0.0 , 0.0 , 0.0 , 0.0 , 0.0 , 0.0 , 0.0
69 ,  0.0 , 0.0 , 0.0 , 0.0 , 0.0 , 0.0 , 0.0 , 0.0 , 0.0
70 ,  0.0 , 0.0 , 0.0 , 0.0 , 0.0 , 0.0 , 0.0 , 0.0 , 0.0
71 ,  0.0 , 0.0 , 0.0 , 0.0 , 0.0 , 0.0 , 0.0 , 0.0 , 0.0
72 ,  0.0 , 0.0 , 0.0 , 0.0 , 0.0 , 0.0 , 0.0 , 0.0 , 0.0
73 ,  0.0 , 0.0 , 0.0 , 0.0 , 0.0 , 0.0 , 0.0 , 0.0 , 0.0
74 ,  0.0 , 0.0 , 0.0 , 0.0 , 0.0 , 0.0 , 0.0 , 0.0 , 0.0
75 ,  0.0 , 0.0 , 0.0 , 0.0 , 0.0 , 0.0 , 0.0 , 0.0 , 0.0
76 ,  0.0 , 0.0 , 0.0 , 0.0 , 0.0 , 0.0 , 0.0 , 0.0 , 0.0
77 ,  71.429 , 100.0 , 100.0 , 28.571 , 100.0 , 100.0 , 0.0 , 0.0 , 0.0
78 ,  0.0 , 0.0 , 0.0 , 0.0 , 0.0 , 0.0 , 0.0 , 0.0 , 0.0
79 ,  71.429 , 100.0 , 100.0 , 28.571 , 100.0 , 100.0 , 0.0 , 0.0 , 0.0
80 ,  0.0 , 0.0 , 0.0 , 0.0 , 0.0 , 0.0 , 0.0 , 0.0 , 0.0
81 ,  71.429 , 100.0 , 100.0 , 28.571 , 100.0 , 100.0 , 0.0 , 0.0 , 0.0
82 ,  0.0 , 0.0 , 0.0 , 0.0 , 0.0 , 0.0 , 0.0 , 0.0 , 0.0
83 ,  0.0 , 0.0 , 0.0 , 0.0 , 0.0 , 0.0 , 0.0 , 0.0 , 0.0
84 ,  0.0 , 0.0 , 0.0 , 0.0 , 0.0 , 0.0 , 0.0 , 0.0 , 0.0
85 ,  0.0 , 0.0 , 0.0 , 0.0 , 0.0 , 0.0 , 0.0 , 0.0 , 0.0
86 ,  0.0 , 0.0 , 0.0 , 0.0 , 0.0 , 0.0 , 0.0 , 0.0 , 0.0
87 ,  0.0 , 0.0 , 0.0 , 0.0 , 0.0 , 0.0 , 0.0 , 0.0 , 0.0
88 ,  0.0 , 0.0 , 0.0 , 0.0 , 0.0 , 0.0 , 0.0 , 0.0 , 0.0
89 ,  0.0 , 0.0 , 0.0 , 0.0 , 0.0 , 0.0 , 0.0 , 0.0 , 0.0
90 ,  0.0 , 0.0 , 0.0 , 0.0 , 0.0 , 0.0 , 0.0 , 0.0 , 0.0
91 ,  0.0 , 0.0 , 0.0 , 0.0 , 0.0 , 0.0 , 0.0 , 0.0 , 0.0
92 ,  0.0 , 0.0 , 0.0 , 0.0 , 0.0 , 0.0 , 0.0 , 0.0 , 0.0
93 ,  0.0 , 0.0 , 0.0 , 0.0 , 0.0 , 0.0 , 0.0 , 0.0 , 0.0
94 ,  0.0 , 0.0 , 0.0 , 0.0 , 0.0 , 0.0 , 0.0 , 0.0 , 0.0
95 ,  0.0 , 0.0 , 0.0 , 0.0 , 0.0 , 0.0 , 0.0 , 0.0 , 0.0
96 ,  0.0 , 0.0 , 0.0 , 0.0 , 0.0 , 0.0 , 0.0 , 0.0 , 0.0
97 ,  0.0 , 0.0 , 0.0 , 0.0 , 0.0 , 0.0 , 0.0 , 0.0 , 0.0
98 ,  66.667 , 100.0 , 100.0 , 33.333 , 100.0 , 100.0 , 0.0 , 0.0 , 0.0
99 ,  0.0 , 0.0 , 0.0 , 0.0 , 0.0 , 0.0 , 0.0 , 0.0 , 0.0
100 ,  0.0 , 100.0 , 0.0 , 0.0 , 100.0 , 0.0 , 0.0 , 0.0 , 0.0
101 ,  0.0 , 100.0 , 0.0 , 0.0 , 100.0 , 0.0 , 0.0 , 0.0 , 0.0
102 ,  0.0 , 0.0 , 0.0 , 0.0 , 0.0 , 0.0 , 0.0 , 0.0 , 0.0
103 ,  0.0 , 0.0 , 0.0 , 0.0 , 0.0 , 0.0 , 0.0 , 0.0 , 0.0
104 ,  0.0 , 100.0 , 0.0 , 0.0 , 100.0 , 0.0 , 0.0 , 0.0 , 0.0
105 ,  0.0 , 0.0 , 0.0 , 0.0 , 0.0 , 0.0 , 0.0 , 0.0 , 0.0
106 ,  0.0 , 0.0 , 0.0 , 0.0 , 0.0 , 0.0 , 0.0 , 0.0 , 0.0
107 ,  0.0 , 0.0 , 0.0 , 0.0 , 0.0 , 0.0 , 0.0 , 0.0 , 0.0
108 ,  50.0 , 50.0 , 50.0 , 0.0 , 0.0 , 0.0 , 0.0 , 0.0 , 0.0
109 ,  0.0 , 0.0 , 0.0 , 0.0 , 0.0 , 0.0 , 0.0 , 0.0 , 0.0
110 ,  0.0 , 0.0 , 0.0 , 0.0 , 0.0 , 0.0 , 0.0 , 0.0 , 0.0
111 ,  61.538 , 76.923 , 35.294 , 0.0 , 40.0 , 8.333 , 0.0 , 0.0 , 0.0
112 ,  0.0 , 0.0 , 0.0 , 0.0 , 0.0 , 0.0 , 0.0 , 0.0 , 0.0
113 ,  55.556 , 66.667 , 66.667 , 0.0 , 25.0 , 25.0 , 0.0 , 0.0 , 0.0
114 ,  0.0 , 0.0 , 0.0 , 100.0 , 100.0 , 100.0 , 0.0 , 0.0 , 0.0
115 ,  0.0 , 0.0 , 0.0 , 0.0 , 0.0 , 0.0 , 0.0 , 0.0 , 0.0
116 ,  100.0 , 100.0 , 100.0 , 0.0 , 0.0 , 0.0 , 0.0 , 0.0 , 0.0
117 ,  0.0 , 0.0 , 0.0 , 0.0 , 0.0 , 0.0 , 0.0 , 0.0 , 0.0
118 ,  0.0 , 0.0 , 0.0 , 0.0 , 0.0 , 0.0 , 0.0 , 0.0 , 0.0
119 ,  100.0 , 100.0 , 100.0 , 0.0 , 0.0 , 0.0 , 0.0 , 0.0 , 0.0
120 ,  0.0 , 0.0 , 0.0 , 0.0 , 0.0 , 0.0 , 0.0 , 0.0 , 0.0
121 ,  0.0 , 0.0 , 0.0 , 0.0 , 0.0 , 0.0 , 0.0 , 0.0 , 0.0
122 ,  100.0 , 100.0 , 100.0 , 0.0 , 0.0 , 0.0 , 0.0 , 0.0 , 0.0
123 ,  0.0 , 0.0 , 0.0 , 0.0 , 0.0 , 0.0 , 0.0 , 0.0 , 0.0
124 ,  100.0 , 100.0 , 100.0 , 0.0 , 0.0 , 0.0 , 0.0 , 0.0 , 0.0
125 ,  0.0 , 0.0 , 0.0 , 0.0 , 0.0 , 0.0 , 0.0 , 0.0 , 0.0
126 ,  100.0 , 100.0 , 100.0 , 0.0 , 0.0 , 0.0 , 0.0 , 0.0 , 0.0
127 ,  100.0 , 100.0 , 100.0 , 0.0 , 0.0 , 0.0 , 0.0 , 0.0 , 0.0
128 ,  80.0 , 100.0 , 80.0 , 0.0 , 100.0 , 0.0 , 0.0 , 0.0 , 0.0
129 ,  50.0 , 33.333 , 33.333 , 0.0 , 0.0 , 0.0 , 33.333 , 50.0 , 33.333
130 ,  80.0 , 80.0 , 66.667 , 0.0 , 0.0 , 0.0 , 0.0 , 0.0 , 0.0
131 ,  100.0 , 100.0 , 66.667 , 0.0 , 0.0 , 0.0 , 0.0 , 0.0 , 0.0
132 ,  50.0 , 50.0 , 33.333 , 0.0 , 0.0 , 0.0 , 0.0 , 0.0 , 0.0
133 ,  0.0 , 0.0 , 0.0 , 0.0 , 0.0 , 0.0 , 0.0 , 0.0 , 0.0
134 ,  40.0 , 40.0 , 40.0 , 0.0 , 0.0 , 0.0 , 0.0 , 0.0 , 0.0
135 ,  25.0 , 100.0 , 66.667 , 50.0 , 100.0 , 66.667 , 0.0 , 0.0 , 0.0
136 ,  0.0 , 0.0 , 0.0 , 0.0 , 0.0 , 0.0 , 0.0 , 0.0 , 0.0
137 ,  0.0 , 0.0 , 0.0 , 0.0 , 0.0 , 0.0 , 0.0 , 0.0 , 0.0
138 ,  100.0 , 100.0 , 50.0 , 0.0 , 0.0 , 0.0 , 0.0 , 0.0 , 0.0
139 ,  100.0 , 100.0 , 0.0 , 0.0 , 0.0 , 0.0 , 0.0 , 0.0 , 0.0
140 ,  0.0 , 0.0 , 0.0 , 0.0 , 0.0 , 0.0 , 0.0 , 0.0 , 0.0
141 ,  60.0 , 60.0 , 80.0 , 0.0 , 0.0 , 50.0 , 0.0 , 0.0 , 50.0
142 ,  0.0 , 0.0 , 0.0 , 0.0 , 0.0 , 0.0 , 0.0 , 0.0 , 0.0
143 ,  0.0 , 0.0 , 0.0 , 0.0 , 0.0 , 0.0 , 0.0 , 0.0 , 0.0
144 ,  0.0 , 0.0 , 0.0 , 0.0 , 0.0 , 0.0 , 0.0 , 0.0 , 0.0
145 ,  0.0 , 0.0 , 0.0 , 0.0 , 0.0 , 0.0 , 0.0 , 0.0 , 0.0
146 ,  0.0 , 0.0 , 0.0 , 0.0 , 0.0 , 0.0 , 0.0 , 0.0 , 0.0
147 ,  0.0 , 0.0 , 0.0 , 0.0 , 0.0 , 0.0 , 0.0 , 0.0 , 0.0
148 ,  0.0 , 0.0 , 0.0 , 0.0 , 0.0 , 0.0 , 0.0 , 0.0 , 0.0
149 ,  0.0 , 0.0 , 0.0 , 0.0 , 0.0 , 0.0 , 0.0 , 0.0 , 0.0
150 ,  0.0 , 0.0 , 0.0 , 0.0 , 0.0 , 0.0 , 0.0 , 0.0 , 0.0
48 ,  100.0 , 0.0 , 0.0 , 0.0 , 0.0 , 0.0 , 0.0 , 100.0 , 0.0
49 ,  0.0 , 0.0 , 0.0 , 0.0 , 0.0 , 0.0 , 0.0 , 0.0 , 0.0
50 ,  0.0 , 0.0 , 0.0 , 0.0 , 0.0 , 0.0 , 0.0 , 0.0 , 0.0
51 ,  0.0 , 0.0 , 0.0 , 0.0 , 0.0 , 0.0 , 0.0 , 0.0 , 0.0
52 ,  0.0 , 0.0 , 0.0 , 0.0 , 0.0 , 0.0 , 0.0 , 0.0 , 0.0
53 ,  0.0 , 0.0 , 0.0 , 0.0 , 0.0 , 0.0 , 0.0 , 0.0 , 0.0
54 ,  0.0 , 0.0 , 0.0 , 0.0 , 0.0 , 0.0 , 0.0 , 0.0 , 0.0
55 ,  0.0 , 0.0 , 0.0 , 0.0 , 0.0 , 0.0 , 0.0 , 0.0 , 0.0
56 ,  0.0 , 0.0 , 0.0 , 0.0 , 0.0 , 0.0 , 0.0 , 0.0 , 0.0
57 ,  0.0 , 0.0 , 0.0 , 0.0 , 0.0 , 0.0 , 0.0 , 0.0 , 0.0
58 ,  0.0 , 0.0 , 0.0 , 0.0 , 0.0 , 0.0 , 0.0 , 0.0 , 0.0
59 ,  0.0 , 0.0 , 0.0 , 0.0 , 0.0 , 0.0 , 0.0 , 0.0 , 0.0
60 ,  0.0 , 0.0 , 0.0 , 0.0 , 0.0 , 0.0 , 0.0 , 0.0 , 0.0
61 ,  0.0 , 0.0 , 0.0 , 0.0 , 0.0 , 0.0 , 0.0 , 0.0 , 0.0
62 ,  0.0 , 0.0 , 0.0 , 0.0 , 0.0 , 0.0 , 0.0 , 0.0 , 0.0
63 ,  0.0 , 0.0 , 0.0 , 0.0 , 0.0 , 0.0 , 0.0 , 0.0 , 0.0
64 ,  0.0 , 0.0 , 0.0 , 0.0 , 0.0 , 0.0 , 0.0 , 0.0 , 0.0
65 ,  0.0 , 0.0 , 0.0 , 0.0 , 0.0 , 0.0 , 0.0 , 0.0 , 0.0
66 ,  0.0 , 0.0 , 0.0 , 0.0 , 0.0 , 0.0 , 0.0 , 0.0 , 0.0
67 ,  0.0 , 0.0 , 0.0 , 0.0 , 0.0 , 0.0 , 0.0 , 0.0 , 0.0
68 ,  0.0 , 0.0 , 0.0 , 0.0 , 0.0 , 0.0 , 0.0 , 0.0 , 0.0
69 ,  0.0 , 0.0 , 0.0 , 0.0 , 0.0 , 0.0 , 0.0 , 0.0 , 0.0
70 ,  0.0 , 0.0 , 0.0 , 0.0 , 0.0 , 0.0 , 0.0 , 0.0 , 0.0
71 ,  0.0 , 0.0 , 0.0 , 0.0 , 0.0 , 0.0 , 0.0 , 0.0 , 0.0
72 ,  0.0 , 0.0 , 0.0 , 0.0 , 0.0 , 0.0 , 0.0 , 0.0 , 0.0
73 ,  0.0 , 0.0 , 0.0 , 0.0 , 0.0 , 0.0 , 0.0 , 0.0 , 0.0
74 ,  0.0 , 0.0 , 0.0 , 0.0 , 0.0 , 0.0 , 0.0 , 0.0 , 0.0
75 ,  0.0 , 0.0 , 0.0 , 0.0 , 0.0 , 0.0 , 0.0 , 0.0 , 0.0
76 ,  0.0 , 0.0 , 0.0 , 0.0 , 0.0 , 0.0 , 0.0 , 0.0 , 0.0
77 ,  71.429 , 100.0 , 100.0 , 28.571 , 100.0 , 100.0 , 0.0 , 0.0 , 0.0
78 ,  0.0 , 0.0 , 0.0 , 0.0 , 0.0 , 0.0 , 0.0 , 0.0 , 0.0
79 ,  71.429 , 100.0 , 100.0 , 28.571 , 100.0 , 100.0 , 0.0 , 0.0 , 0.0
80 ,  0.0 , 0.0 , 0.0 , 0.0 , 0.0 , 0.0 , 0.0 , 0.0 , 0.0
81 ,  71.429 , 100.0 , 100.0 , 28.571 , 100.0 , 100.0 , 0.0 , 0.0 , 0.0
82 ,  0.0 , 0.0 , 0.0 , 0.0 , 0.0 , 0.0 , 0.0 , 0.0 , 0.0
83 ,  0.0 , 0.0 , 0.0 , 0.0 , 0.0 , 0.0 , 0.0 , 0.0 , 0.0
84 ,  0.0 , 0.0 , 0.0 , 0.0 , 0.0 , 0.0 , 0.0 , 0.0 , 0.0
85 ,  0.0 , 0.0 , 0.0 , 0.0 , 0.0 , 0.0 , 0.0 , 0.0 , 0.0
86 ,  0.0 , 0.0 , 0.0 , 0.0 , 0.0 , 0.0 , 0.0 , 0.0 , 0.0
87 ,  0.0 , 0.0 , 0.0 , 0.0 , 0.0 , 0.0 , 0.0 , 0.0 , 0.0
88 ,  0.0 , 0.0 , 0.0 , 0.0 , 0.0 , 0.0 , 0.0 , 0.0 , 0.0
89 ,  0.0 , 0.0 , 0.0 , 0.0 , 0.0 , 0.0 , 0.0 , 0.0 , 0.0
90 ,  0.0 , 0.0 , 0.0 , 0.0 , 0.0 , 0.0 , 0.0 , 0.0 , 0.0
91 ,  0.0 , 0.0 , 0.0 , 0.0 , 0.0 , 0.0 , 0.0 , 0.0 , 0.0
92 ,  0.0 , 0.0 , 0.0 , 0.0 , 0.0 , 0.0 , 0.0 , 0.0 , 0.0
93 ,  0.0 , 0.0 , 0.0 , 0.0 , 0.0 , 0.0 , 0.0 , 0.0 , 0.0
94 ,  0.0 , 0.0 , 0.0 , 0.0 , 0.0 , 0.0 , 0.0 , 0.0 , 0.0
95 ,  0.0 , 0.0 , 0.0 , 0.0 , 0.0 , 0.0 , 0.0 , 0.0 , 0.0
96 ,  0.0 , 0.0 , 0.0 , 0.0 , 0.0 , 0.0 , 0.0 , 0.0 , 0.0
97 ,  0.0 , 0.0 , 0.0 , 0.0 , 0.0 , 0.0 , 0.0 , 0.0 , 0.0
98 ,  66.667 , 100.0 , 100.0 , 33.333 , 100.0 , 100.0 , 0.0 , 0.0 , 0.0
99 ,  0.0 , 0.0 , 0.0 , 0.0 , 0.0 , 0.0 , 0.0 , 0.0 , 0.0
100 ,  0.0 , 100.0 , 0.0 , 0.0 , 100.0 , 0.0 , 0.0 , 0.0 , 0.0
101 ,  0.0 , 100.0 , 0.0 , 0.0 , 100.0 , 0.0 , 0.0 , 0.0 , 0.0
102 ,  0.0 , 0.0 , 0.0 , 0.0 , 0.0 , 0.0 , 0.0 , 0.0 , 0.0
103 ,  0.0 , 0.0 , 0.0 , 0.0 , 0.0 , 0.0 , 0.0 , 0.0 , 0.0
104 ,  0.0 , 100.0 , 0.0 , 0.0 , 100.0 , 0.0 , 0.0 , 0.0 , 0.0
105 ,  0.0 , 0.0 , 0.0 , 0.0 , 0.0 , 0.0 , 0.0 , 0.0 , 0.0
106 ,  0.0 , 0.0 , 0.0 , 0.0 , 0.0 , 0.0 , 0.0 , 0.0 , 0.0
107 ,  0.0 , 0.0 , 0.0 , 0.0 , 0.0 , 0.0 , 0.0 , 0.0 , 0.0
108 ,  50.0 , 50.0 , 50.0 , 0.0 , 0.0 , 0.0 , 0.0 , 0.0 , 0.0
109 ,  0.0 , 0.0 , 0.0 , 0.0 , 0.0 , 0.0 , 0.0 , 0.0 , 0.0
110 ,  0.0 , 0.0 , 0.0 , 0.0 , 0.0 , 0.0 , 0.0 , 0.0 , 0.0
111 ,  61.538 , 76.923 , 35.294 , 0.0 , 40.0 , 8.333 , 0.0 , 0.0 , 0.0
112 ,  0.0 , 0.0 , 0.0 , 0.0 , 0.0 , 0.0 , 0.0 , 0.0 , 0.0
113 ,  55.556 , 66.667 , 66.667 , 0.0 , 25.0 , 25.0 , 0.0 , 0.0 , 0.0
114 ,  0.0 , 0.0 , 0.0 , 100.0 , 100.0 , 100.0 , 0.0 , 0.0 , 0.0
115 ,  0.0 , 0.0 , 0.0 , 0.0 , 0.0 , 0.0 , 0.0 , 0.0 , 0.0
116 ,  100.0 , 100.0 , 100.0 , 0.0 , 0.0 , 0.0 , 0.0 , 0.0 , 0.0
117 ,  0.0 , 0.0 , 0.0 , 0.0 , 0.0 , 0.0 , 0.0 , 0.0 , 0.0
118 ,  0.0 , 0.0 , 0.0 , 0.0 , 0.0 , 0.0 , 0.0 , 0.0 , 0.0
119 ,  100.0 , 100.0 , 100.0 , 0.0 , 0.0 , 0.0 , 0.0 , 0.0 , 0.0
120 ,  0.0 , 0.0 , 0.0 , 0.0 , 0.0 , 0.0 , 0.0 , 0.0 , 0.0
121 ,  0.0 , 0.0 , 0.0 , 0.0 , 0.0 , 0.0 , 0.0 , 0.0 , 0.0
122 ,  100.0 , 100.0 , 100.0 , 0.0 , 0.0 , 0.0 , 0.0 , 0.0 , 0.0
123 ,  0.0 , 0.0 , 0.0 , 0.0 , 0.0 , 0.0 , 0.0 , 0.0 , 0.0
124 ,  100.0 , 100.0 , 100.0 , 0.0 , 0.0 , 0.0 , 0.0 , 0.0 , 0.0
125 ,  0.0 , 0.0 , 0.0 , 0.0 , 0.0 , 0.0 , 0.0 , 0.0 , 0.0
126 ,  100.0 , 100.0 , 100.0 , 0.0 , 0.0 , 0.0 , 0.0 , 0.0 , 0.0
127 ,  100.0 , 100.0 , 100.0 , 0.0 , 0.0 , 0.0 , 0.0 , 0.0 , 0.0
128 ,  80.0 , 100.0 , 80.0 , 0.0 , 100.0 , 0.0 , 0.0 , 0.0 , 0.0
129 ,  50.0 , 33.333 , 33.333 , 0.0 , 0.0 , 0.0 , 33.333 , 50.0 , 33.333
130 ,  80.0 , 80.0 , 66.667 , 0.0 , 0.0 , 0.0 , 0.0 , 0.0 , 0.0
131 ,  100.0 , 100.0 , 66.667 , 0.0 , 0.0 , 0.0 , 0.0 , 0.0 , 0.0
132 ,  50.0 , 50.0 , 33.333 , 0.0 , 0.0 , 0.0 , 0.0 , 0.0 , 0.0
133 ,  0.0 , 0.0 , 0.0 , 0.0 , 0.0 , 0.0 , 0.0 , 0.0 , 0.0
134 ,  40.0 , 40.0 , 40.0 , 0.0 , 0.0 , 0.0 , 0.0 , 0.0 , 0.0
135 ,  25.0 , 100.0 , 66.667 , 50.0 , 100.0 , 66.667 , 0.0 , 0.0 , 0.0
136 ,  0.0 , 0.0 , 0.0 , 0.0 , 0.0 , 0.0 , 0.0 , 0.0 , 0.0
137 ,  0.0 , 0.0 , 0.0 , 0.0 , 0.0 , 0.0 , 0.0 , 0.0 , 0.0
138 ,  100.0 , 100.0 , 50.0 , 0.0 , 0.0 , 0.0 , 0.0 , 0.0 , 0.0
139 ,  100.0 , 100.0 , 0.0 , 0.0 , 0.0 , 0.0 , 0.0 , 0.0 , 0.0
140 ,  0.0 , 0.0 , 0.0 , 0.0 , 0.0 , 0.0 , 0.0 , 0.0 , 0.0
141 ,  60.0 , 60.0 , 80.0 , 0.0 , 0.0 , 50.0 , 0.0 , 0.0 , 50.0
142 ,  0.0 , 0.0 , 0.0 , 0.0 , 0.0 , 0.0 , 0.0 , 0.0 , 0.0
143 ,  0.0 , 0.0 , 0.0 , 0.0 , 0.0 , 0.0 , 0.0 , 0.0 , 0.0
144 ,  0.0 , 0.0 , 0.0 , 0.0 , 0.0 , 0.0 , 0.0 , 0.0 , 0.0
145 ,  0.0 , 0.0 , 0.0 , 0.0 , 0.0 , 0.0 , 0.0 , 0.0 , 0.0
146 ,  0.0 , 0.0 , 0.0 , 0.0 , 0.0 , 0.0 , 0.0 , 0.0 , 0.0
147 ,  0.0 , 0.0 , 0.0 , 0.0 , 0.0 , 0.0 , 0.0 , 0.0 , 0.0
148 ,  0.0 , 0.0 , 0.0 , 0.0 , 0.0 , 0.0 , 0.0 , 0.0 , 0.0
149 ,  0.0 , 0.0 , 0.0 , 0.0 , 0.0 , 0.0 , 0.0 , 0.0 , 0.0
150 ,  0.0 , 0.0 , 0.0 , 0.0 , 0.0 , 0.0 , 0.0 , 0.0 , 0.0
48 ,  100.0 , 0.0 , 0.0 , 0.0 , 0.0 , 0.0 , 0.0 , 100.0 , 0.0
49 ,  0.0 , 0.0 , 0.0 , 0.0 , 0.0 , 0.0 , 0.0 , 0.0 , 0.0
50 ,  0.0 , 0.0 , 0.0 , 0.0 , 0.0 , 0.0 , 0.0 , 0.0 , 0.0
51 ,  0.0 , 0.0 , 0.0 , 0.0 , 0.0 , 0.0 , 0.0 , 0.0 , 0.0
52 ,  0.0 , 0.0 , 0.0 , 0.0 , 0.0 , 0.0 , 0.0 , 0.0 , 0.0
53 ,  0.0 , 0.0 , 0.0 , 0.0 , 0.0 , 0.0 , 0.0 , 0.0 , 0.0
54 ,  0.0 , 0.0 , 0.0 , 0.0 , 0.0 , 0.0 , 0.0 , 0.0 , 0.0
55 ,  0.0 , 0.0 , 0.0 , 0.0 , 0.0 , 0.0 , 0.0 , 0.0 , 0.0
56 ,  0.0 , 0.0 , 0.0 , 0.0 , 0.0 , 0.0 , 0.0 , 0.0 , 0.0
57 ,  0.0 , 0.0 , 0.0 , 0.0 , 0.0 , 0.0 , 0.0 , 0.0 , 0.0
58 ,  0.0 , 0.0 , 0.0 , 0.0 , 0.0 , 0.0 , 0.0 , 0.0 , 0.0
59 ,  0.0 , 0.0 , 0.0 , 0.0 , 0.0 , 0.0 , 0.0 , 0.0 , 0.0
60 ,  0.0 , 0.0 , 0.0 , 0.0 , 0.0 , 0.0 , 0.0 , 0.0 , 0.0
61 ,  0.0 , 0.0 , 0.0 , 0.0 , 0.0 , 0.0 , 0.0 , 0.0 , 0.0
62 ,  0.0 , 0.0 , 0.0 , 0.0 , 0.0 , 0.0 , 0.0 , 0.0 , 0.0
63 ,  0.0 , 0.0 , 0.0 , 0.0 , 0.0 , 0.0 , 0.0 , 0.0 , 0.0
64 ,  0.0 , 0.0 , 0.0 , 0.0 , 0.0 , 0.0 , 0.0 , 0.0 , 0.0
65 ,  0.0 , 0.0 , 0.0 , 0.0 , 0.0 , 0.0 , 0.0 , 0.0 , 0.0
66 ,  0.0 , 0.0 , 0.0 , 0.0 , 0.0 , 0.0 , 0.0 , 0.0 , 0.0
67 ,  0.0 , 0.0 , 0.0 , 0.0 , 0.0 , 0.0 , 0.0 , 0.0 , 0.0
68 ,  0.0 , 0.0 , 0.0 , 0.0 , 0.0 , 0.0 , 0.0 , 0.0 , 0.0
69 ,  0.0 , 0.0 , 0.0 , 0.0 , 0.0 , 0.0 , 0.0 , 0.0 , 0.0
70 ,  0.0 , 0.0 , 0.0 , 0.0 , 0.0 , 0.0 , 0.0 , 0.0 , 0.0
71 ,  0.0 , 0.0 , 0.0 , 0.0 , 0.0 , 0.0 , 0.0 , 0.0 , 0.0
72 ,  0.0 , 0.0 , 0.0 , 0.0 , 0.0 , 0.0 , 0.0 , 0.0 , 0.0
73 ,  0.0 , 0.0 , 0.0 , 0.0 , 0.0 , 0.0 , 0.0 , 0.0 , 0.0
74 ,  0.0 , 0.0 , 0.0 , 0.0 , 0.0 , 0.0 , 0.0 , 0.0 , 0.0
75 ,  0.0 , 0.0 , 0.0 , 0.0 , 0.0 , 0.0 , 0.0 , 0.0 , 0.0
76 ,  0.0 , 0.0 , 0.0 , 0.0 , 0.0 , 0.0 , 0.0 , 0.0 , 0.0
77 ,  71.429 , 100.0 , 100.0 , 28.571 , 100.0 , 100.0 , 0.0 , 0.0 , 0.0
78 ,  0.0 , 0.0 , 0.0 , 0.0 , 0.0 , 0.0 , 0.0 , 0.0 , 0.0
79 ,  71.429 , 100.0 , 100.0 , 28.571 , 100.0 , 100.0 , 0.0 , 0.0 , 0.0
80 ,  0.0 , 0.0 , 0.0 , 0.0 , 0.0 , 0.0 , 0.0 , 0.0 , 0.0
81 ,  71.429 , 100.0 , 100.0 , 28.571 , 100.0 , 100.0 , 0.0 , 0.0 , 0.0
82 ,  0.0 , 0.0 , 0.0 , 0.0 , 0.0 , 0.0 , 0.0 , 0.0 , 0.0
83 ,  0.0 , 0.0 , 0.0 , 0.0 , 0.0 , 0.0 , 0.0 , 0.0 , 0.0
84 ,  0.0 , 0.0 , 0.0 , 0.0 , 0.0 , 0.0 , 0.0 , 0.0 , 0.0
85 ,  0.0 , 0.0 , 0.0 , 0.0 , 0.0 , 0.0 , 0.0 , 0.0 , 0.0
86 ,  0.0 , 0.0 , 0.0 , 0.0 , 0.0 , 0.0 , 0.0 , 0.0 , 0.0
87 ,  0.0 , 0.0 , 0.0 , 0.0 , 0.0 , 0.0 , 0.0 , 0.0 , 0.0
88 ,  0.0 , 0.0 , 0.0 , 0.0 , 0.0 , 0.0 , 0.0 , 0.0 , 0.0
89 ,  0.0 , 0.0 , 0.0 , 0.0 , 0.0 , 0.0 , 0.0 , 0.0 , 0.0
90 ,  0.0 , 0.0 , 0.0 , 0.0 , 0.0 , 0.0 , 0.0 , 0.0 , 0.0
91 ,  0.0 , 0.0 , 0.0 , 0.0 , 0.0 , 0.0 , 0.0 , 0.0 , 0.0
92 ,  0.0 , 0.0 , 0.0 , 0.0 , 0.0 , 0.0 , 0.0 , 0.0 , 0.0
93 ,  0.0 , 0.0 , 0.0 , 0.0 , 0.0 , 0.0 , 0.0 , 0.0 , 0.0
94 ,  0.0 , 0.0 , 0.0 , 0.0 , 0.0 , 0.0 , 0.0 , 0.0 , 0.0
95 ,  0.0 , 0.0 , 0.0 , 0.0 , 0.0 , 0.0 , 0.0 , 0.0 , 0.0
96 ,  0.0 , 0.0 , 0.0 , 0.0 , 0.0 , 0.0 , 0.0 , 0.0 , 0.0
97 ,  0.0 , 0.0 , 0.0 , 0.0 , 0.0 , 0.0 , 0.0 , 0.0 , 0.0
98 ,  66.667 , 100.0 , 100.0 , 33.333 , 100.0 , 100.0 , 0.0 , 0.0 , 0.0
99 ,  0.0 , 0.0 , 0.0 , 0.0 , 0.0 , 0.0 , 0.0 , 0.0 , 0.0
100 ,  0.0 , 100.0 , 0.0 , 0.0 , 100.0 , 0.0 , 0.0 , 0.0 , 0.0
101 ,  0.0 , 100.0 , 0.0 , 0.0 , 100.0 , 0.0 , 0.0 , 0.0 , 0.0
102 ,  0.0 , 0.0 , 0.0 , 0.0 , 0.0 , 0.0 , 0.0 , 0.0 , 0.0
103 ,  0.0 , 0.0 , 0.0 , 0.0 , 0.0 , 0.0 , 0.0 , 0.0 , 0.0
104 ,  0.0 , 100.0 , 0.0 , 0.0 , 100.0 , 0.0 , 0.0 , 0.0 , 0.0
105 ,  0.0 , 0.0 , 0.0 , 0.0 , 0.0 , 0.0 , 0.0 , 0.0 , 0.0
106 ,  0.0 , 0.0 , 0.0 , 0.0 , 0.0 , 0.0 , 0.0 , 0.0 , 0.0
107 ,  0.0 , 0.0 , 0.0 , 0.0 , 0.0 , 0.0 , 0.0 , 0.0 , 0.0
108 ,  50.0 , 50.0 , 50.0 , 0.0 , 0.0 , 0.0 , 0.0 , 0.0 , 0.0
109 ,  0.0 , 0.0 , 0.0 , 0.0 , 0.0 , 0.0 , 0.0 , 0.0 , 0.0
110 ,  0.0 , 0.0 , 0.0 , 0.0 , 0.0 , 0.0 , 0.0 , 0.0 , 0.0
111 ,  61.538 , 76.923 , 35.294 , 0.0 , 40.0 , 8.333 , 0.0 , 0.0 , 0.0
112 ,  0.0 , 0.0 , 0.0 , 0.0 , 0.0 , 0.0 , 0.0 , 0.0 , 0.0
113 ,  55.556 , 66.667 , 66.667 , 0.0 , 25.0 , 25.0 , 0.0 , 0.0 , 0.0
114 ,  0.0 , 0.0 , 0.0 , 100.0 , 100.0 , 100.0 , 0.0 , 0.0 , 0.0
115 ,  0.0 , 0.0 , 0.0 , 0.0 , 0.0 , 0.0 , 0.0 , 0.0 , 0.0
116 ,  100.0 , 100.0 , 100.0 , 0.0 , 0.0 , 0.0 , 0.0 , 0.0 , 0.0
117 ,  0.0 , 0.0 , 0.0 , 0.0 , 0.0 , 0.0 , 0.0 , 0.0 , 0.0
118 ,  0.0 , 0.0 , 0.0 , 0.0 , 0.0 , 0.0 , 0.0 , 0.0 , 0.0
119 ,  100.0 , 100.0 , 100.0 , 0.0 , 0.0 , 0.0 , 0.0 , 0.0 , 0.0
120 ,  0.0 , 0.0 , 0.0 , 0.0 , 0.0 , 0.0 , 0.0 , 0.0 , 0.0
121 ,  0.0 , 0.0 , 0.0 , 0.0 , 0.0 , 0.0 , 0.0 , 0.0 , 0.0
122 ,  100.0 , 100.0 , 100.0 , 0.0 , 0.0 , 0.0 , 0.0 , 0.0 , 0.0
123 ,  0.0 , 0.0 , 0.0 , 0.0 , 0.0 , 0.0 , 0.0 , 0.0 , 0.0
124 ,  100.0 , 100.0 , 100.0 , 0.0 , 0.0 , 0.0 , 0.0 , 0.0 , 0.0
125 ,  0.0 , 0.0 , 0.0 , 0.0 , 0.0 , 0.0 , 0.0 , 0.0 , 0.0
126 ,  100.0 , 100.0 , 100.0 , 0.0 , 0.0 , 0.0 , 0.0 , 0.0 , 0.0
127 ,  100.0 , 100.0 , 100.0 , 0.0 , 0.0 , 0.0 , 0.0 , 0.0 , 0.0
128 ,  80.0 , 100.0 , 80.0 , 0.0 , 100.0 , 0.0 , 0.0 , 0.0 , 0.0
129 ,  50.0 , 33.333 , 33.333 , 0.0 , 0.0 , 0.0 , 33.333 , 50.0 , 33.333
130 ,  80.0 , 80.0 , 66.667 , 0.0 , 0.0 , 0.0 , 0.0 , 0.0 , 0.0
131 ,  100.0 , 100.0 , 66.667 , 0.0 , 0.0 , 0.0 , 0.0 , 0.0 , 0.0
132 ,  50.0 , 50.0 , 33.333 , 0.0 , 0.0 , 0.0 , 0.0 , 0.0 , 0.0
133 ,  0.0 , 0.0 , 0.0 , 0.0 , 0.0 , 0.0 , 0.0 , 0.0 , 0.0
134 ,  40.0 , 40.0 , 40.0 , 0.0 , 0.0 , 0.0 , 0.0 , 0.0 , 0.0
135 ,  25.0 , 100.0 , 66.667 , 50.0 , 100.0 , 66.667 , 0.0 , 0.0 , 0.0
136 ,  0.0 , 0.0 , 0.0 , 0.0 , 0.0 , 0.0 , 0.0 , 0.0 , 0.0
137 ,  0.0 , 0.0 , 0.0 , 0.0 , 0.0 , 0.0 , 0.0 , 0.0 , 0.0
138 ,  100.0 , 100.0 , 50.0 , 0.0 , 0.0 , 0.0 , 0.0 , 0.0 , 0.0
139 ,  100.0 , 100.0 , 0.0 , 0.0 , 0.0 , 0.0 , 0.0 , 0.0 , 0.0
140 ,  0.0 , 0.0 , 0.0 , 0.0 , 0.0 , 0.0 , 0.0 , 0.0 , 0.0
141 ,  60.0 , 60.0 , 80.0 , 0.0 , 0.0 , 50.0 , 0.0 , 0.0 , 50.0
142 ,  0.0 , 0.0 , 0.0 , 0.0 , 0.0 , 0.0 , 0.0 , 0.0 , 0.0
143 ,  0.0 , 0.0 , 0.0 , 0.0 , 0.0 , 0.0 , 0.0 , 0.0 , 0.0
144 ,  0.0 , 0.0 , 0.0 , 0.0 , 0.0 , 0.0 , 0.0 , 0.0 , 0.0
145 ,  0.0 , 0.0 , 0.0 , 0.0 , 0.0 , 0.0 , 0.0 , 0.0 , 0.0
146 ,  0.0 , 0.0 , 0.0 , 0.0 , 0.0 , 0.0 , 0.0 , 0.0 , 0.0
147 ,  0.0 , 0.0 , 0.0 , 0.0 , 0.0 , 0.0 , 0.0 , 0.0 , 0.0
148 ,  0.0 , 0.0 , 0.0 , 0.0 , 0.0 , 0.0 , 0.0 , 0.0 , 0.0
149 ,  0.0 , 0.0 , 0.0 , 0.0 , 0.0 , 0.0 , 0.0 , 0.0 , 0.0
150 ,  0.0 , 0.0 , 0.0 , 0.0 , 0.0 , 0.0 , 0.0 , 0.0 , 0.0
