1 ,  0.0 , 0.0 , 0.0 , 0.0 , 0.0 , 0.0
2 ,  0.0 , 0.0 , 100.0 , 0.0 , 0.0 , 100.0
3 ,  0.0 , 0.0 , 80.0 , 0.0 , 0.0 , 80.0
4 ,  0.0 , 0.0 , 100.0 , 0.0 , 0.0 , 100.0
5 ,  0.0 , 0.0 , 0.0 , 93.103 , 0.0 , 50.0
6 ,  0.0 , 0.0 , 0.0 , 66.667 , 0.0 , 16.667
7 ,  0.0 , 0.0 , 0.0 , 0.0 , 0.0 , 0.0
8 ,  0.0 , 0.0 , 0.0 , 15.254 , 0.0 , 0.0
9 ,  0.0 , 0.0 , 0.0 , 18.644 , 0.0 , 0.0
10 ,  0.0 , 0.0 , 100.0 , 0.0 , 0.0 , 100.0
11 ,  0.0 , 0.0 , 100.0 , 0.0 , 0.0 , 100.0
12 ,  0.0 , 0.0 , 0.0 , 95.0 , 0.0 , 57.143
13 ,  0.0 , 0.0 , 0.0 , 93.333 , 0.0 , 0.0
14 ,  0.0 , 0.0 , 0.0 , 18.333 , 0.0 , 0.0
15 ,  0.0 , 0.0 , 100.0 , 0.0 , 0.0 , 100.0
16 ,  0.0 , 0.0 , 100.0 , 0.0 , 0.0 , 100.0
17 ,  0.0 , 0.0 , 0.0 , 18.333 , 0.0 , 0.0
18 ,  0.0 , 0.0 , 80.0 , 0.0 , 0.0 , 80.0
19 ,  0.0 , 0.0 , 50.0 , 0.0 , 0.0 , 50.0
20 ,  0.0 , 0.0 , 1.099 , 22.222 , 0.0 , 1.408
21 ,  0.0 , 0.0 , 100.0 , 0.0 , 0.0 , 100.0
22 ,  0.0 , 0.0 , 100.0 , 0.0 , 0.0 , 100.0
23 ,  0.0 , 0.0 , 100.0 , 0.0 , 0.0 , 100.0
24 ,  0.0 , 0.0 , 100.0 , 0.0 , 0.0 , 100.0
25 ,  0.0 , 0.0 , 100.0 , 0.0 , 0.0 , 100.0
26 ,  0.0 , 0.0 , 100.0 , 0.0 , 0.0 , 100.0
27 ,  0.0 , 0.0 , 7.059 , 30.38 , 0.0 , 20.29
28 ,  0.0 , 0.0 , 100.0 , 0.0 , 0.0 , 100.0
29 ,  0.0 , 0.0 , 100.0 , 0.0 , 0.0 , 100.0
30 ,  0.0 , 0.0 , 100.0 , 0.0 , 0.0 , 100.0
31 ,  0.0 , 0.0 , 100.0 , 0.0 , 0.0 , 100.0
32 ,  0.0 , 0.0 , 0.0 , 96.667 , 0.0 , 66.667
33 ,  0.0 , 0.0 , 100.0 , 0.0 , 0.0 , 100.0
34 ,  0.0 , 0.0 , 100.0 , 0.0 , 0.0 , 100.0
35 ,  0.0 , 0.0 , 0.0 , 93.443 , 0.0 , 50.0
36 ,  0.0 , 0.0 , 100.0 , 0.0 , 0.0 , 100.0
37 ,  0.0 , 0.0 , 100.0 , 0.0 , 0.0 , 100.0
38 ,  0.0 , 0.0 , 100.0 , 0.0 , 0.0 , 100.0
39 ,  0.0 , 0.0 , 100.0 , 0.0 , 0.0 , 100.0
40 ,  0.0 , 0.0 , 100.0 , 0.0 , 0.0 , 100.0
41 ,  0.0 , 0.0 , 100.0 , 0.0 , 0.0 , 100.0
42 ,  0.0 , 0.0 , 100.0 , 0.0 , 0.0 , 100.0
43 ,  0.0 , 0.0 , 0.0 , 16.667 , 0.0 , 0.0
44 ,  0.0 , 0.0 , 100.0 , 0.0 , 0.0 , 100.0
45 ,  0.0 , 0.0 , 100.0 , 0.0 , 0.0 , 100.0
46 ,  0.0 , 0.0 , 100.0 , 0.0 , 0.0 , 100.0
47 ,  0.0 , 0.0 , 80.0 , 0.0 , 0.0 , 80.0
48 ,  0.0 , 0.0 , 0.0 , 0.0 , 0.0 , 0.0
49 ,  0.0 , 0.0 , 100.0 , 0.0 , 0.0 , 100.0
50 ,  0.0 , 0.0 , 66.667 , 0.0 , 0.0 , 66.667
1 ,  0.0 , 0.0 , 0.0 , 0.0 , 0.0 , 0.0 , 0.0 , 0.0 , 0.0
 2 ,  0.0 , 0.0 , 100.0 , 0.0 , 0.0 , 100.0 , 0.0 , 0.0 , 100.0
 3 ,  0.0 , 0.0 , 80.0 , 0.0 , 0.0 , 80.0 , 0.0 , 0.0 , 80.0
 4 ,  0.0 , 0.0 , 100.0 , 0.0 , 0.0 , 100.0 , 0.0 , 0.0 , 100.0
 5 ,  0.0 , 0.0 , 0.0 , 93.103 , 0.0 , 50.0 , 98.276 , 75.0 , 87.5
 6 ,  0.0 , 0.0 , 0.0 , 66.667 , 0.0 , 16.667 , 66.667 , 0.0 , 16.667
 7 ,  0.0 , 0.0 , 0.0 , 0.0 , 0.0 , 0.0 , 0.0 , 0.0 , 0.0
 8 ,  0.0 , 0.0 , 0.0 , 15.254 , 0.0 , 0.0 , 72.881 , 68.0 , 67.347
 9 ,  0.0 , 0.0 , 0.0 , 18.644 , 0.0 , 0.0 , 74.576 , 68.75 , 65.116
 10 ,  0.0 , 0.0 , 100.0 , 0.0 , 0.0 , 100.0 , 0.0 , 0.0 , 100.0
 11 ,  0.0 , 0.0 , 100.0 , 0.0 , 0.0 , 100.0 , 0.0 , 0.0 , 100.0
 12 ,  0.0 , 0.0 , 0.0 , 95.0 , 0.0 , 57.143 , 95.0 , 0.0 , 57.143
 13 ,  0.0 , 0.0 , 0.0 , 93.333 , 0.0 , 0.0 , 93.333 , 0.0 , 0.0
 14 ,  0.0 , 0.0 , 0.0 , 18.333 , 0.0 , 0.0 , 91.667 , 89.796 , 76.19
 15 ,  0.0 , 0.0 , 100.0 , 0.0 , 0.0 , 100.0 , 0.0 , 0.0 , 100.0
 16 ,  0.0 , 0.0 , 100.0 , 0.0 , 0.0 , 100.0 , 0.0 , 0.0 , 100.0
 17 ,  0.0 , 0.0 , 0.0 , 18.333 , 0.0 , 0.0 , 90.0 , 87.755 , 86.364
 18 ,  0.0 , 0.0 , 80.0 , 0.0 , 0.0 , 80.0 , 0.0 , 0.0 , 80.0
 19 ,  0.0 , 0.0 , 50.0 , 0.0 , 0.0 , 50.0 , 0.0 , 0.0 , 50.0
 20 ,  0.0 , 0.0 , 1.099 , 22.222 , 0.0 , 1.408 , 33.333 , 14.286 , 13.043
 21 ,  0.0 , 0.0 , 100.0 , 0.0 , 0.0 , 100.0 , 0.0 , 0.0 , 100.0
 22 ,  0.0 , 0.0 , 100.0 , 0.0 , 0.0 , 100.0 , 0.0 , 0.0 , 100.0
 23 ,  0.0 , 0.0 , 100.0 , 0.0 , 0.0 , 100.0 , 0.0 , 0.0 , 100.0
 24 ,  0.0 , 0.0 , 100.0 , 0.0 , 0.0 , 100.0 , 0.0 , 0.0 , 100.0
 25 ,  0.0 , 0.0 , 100.0 , 0.0 , 0.0 , 100.0 , 0.0 , 0.0 , 100.0
 26 ,  0.0 , 0.0 , 100.0 , 0.0 , 0.0 , 100.0 , 0.0 , 0.0 , 100.0
 27 ,  0.0 , 0.0 , 7.059 , 30.38 , 0.0 , 20.29 , 30.38 , 0.0 , 20.29
 28 ,  0.0 , 0.0 , 100.0 , 0.0 , 0.0 , 100.0 , 0.0 , 0.0 , 100.0
 29 ,  0.0 , 0.0 , 100.0 , 0.0 , 0.0 , 100.0 , 0.0 , 0.0 , 100.0
 30 ,  0.0 , 0.0 , 100.0 , 0.0 , 0.0 , 100.0 , 0.0 , 0.0 , 100.0
 31 ,  0.0 , 0.0 , 100.0 , 0.0 , 0.0 , 100.0 , 0.0 , 0.0 , 100.0
 32 ,  0.0 , 0.0 , 0.0 , 96.667 , 0.0 , 66.667 , 96.667 , 0.0 , 66.667
 33 ,  0.0 , 0.0 , 100.0 , 0.0 , 0.0 , 100.0 , 0.0 , 0.0 , 100.0
 34 ,  0.0 , 0.0 , 100.0 , 0.0 , 0.0 , 100.0 , 0.0 , 0.0 , 100.0
 35 ,  0.0 , 0.0 , 0.0 , 93.443 , 0.0 , 50.0 , 95.082 , 25.0 , 62.5
 36 ,  0.0 , 0.0 , 100.0 , 0.0 , 0.0 , 100.0 , 0.0 , 0.0 , 100.0
 37 ,  0.0 , 0.0 , 100.0 , 0.0 , 0.0 , 100.0 , 0.0 , 0.0 , 100.0
 38 ,  0.0 , 0.0 , 100.0 , 0.0 , 0.0 , 100.0 , 0.0 , 0.0 , 100.0
 39 ,  0.0 , 0.0 , 100.0 , 0.0 , 0.0 , 100.0 , 0.0 , 0.0 , 100.0
 40 ,  0.0 , 0.0 , 100.0 , 0.0 , 0.0 , 100.0 , 0.0 , 0.0 , 100.0
 41 ,  0.0 , 0.0 , 100.0 , 0.0 , 0.0 , 100.0 , 0.0 , 0.0 , 100.0
 42 ,  0.0 , 0.0 , 100.0 , 0.0 , 0.0 , 100.0 , 0.0 , 0.0 , 100.0
 43 ,  0.0 , 0.0 , 0.0 , 16.667 , 0.0 , 0.0 , 95.0 , 94.0 , 89.286
 44 ,  0.0 , 0.0 , 100.0 , 0.0 , 0.0 , 100.0 , 0.0 , 0.0 , 100.0
 45 ,  0.0 , 0.0 , 100.0 , 0.0 , 0.0 , 100.0 , 0.0 , 0.0 , 100.0
 46 ,  0.0 , 0.0 , 100.0 , 0.0 , 0.0 , 100.0 , 0.0 , 0.0 , 100.0
 47 ,  0.0 , 0.0 , 80.0 , 0.0 , 0.0 , 80.0 , 0.0 , 0.0 , 80.0
 48 ,  0.0 , 0.0 , 0.0 , 0.0 , 0.0 , 0.0 , 0.0 , 0.0 , 0.0
 49 ,  0.0 , 0.0 , 100.0 , 0.0 , 0.0 , 100.0 , 0.0 , 0.0 , 100.0
 50 ,  0.0 , 0.0 , 66.667 , 0.0 , 0.0 , 66.667 , 0.0 , 0.0 , 66.667
 